dataset_size = 256.00 MB    numObjs = 2097152    numCoords = 16    numClusters = 16
        nloops =  10   (total = 13.8977s)  (per loop =  1.3898s)
Final cluster centers:
clusters[0] = 3.069274 6.733060 6.490672 2.646551 6.396786 5.997329 6.070354 6.894853 5.760065 4.567297 5.233632 4.871088 5.325572 3.549669 5.003757 3.423947 
clusters[1] = 5.403049 5.512592 4.660711 4.549123 2.554549 5.878870 4.898610 3.199264 7.578505 3.980383 3.715720 6.523267 4.600536 6.098808 4.613332 3.094703 
clusters[2] = 2.884452 5.543206 6.403323 4.009946 3.266936 3.483383 5.473265 3.233438 2.376063 5.823169 4.159580 5.791513 5.179456 6.347211 4.535800 5.431267 
clusters[3] = 5.353649 3.531601 7.223405 6.362068 5.688783 6.563907 6.829169 4.158306 5.027237 4.299576 6.747311 7.110826 4.524146 4.635621 6.209991 6.328503 
clusters[4] = 3.126068 6.445439 3.013866 7.058535 5.659951 4.428685 3.219205 4.236210 5.302609 4.468615 7.197227 6.243232 5.677248 3.761225 5.903650 4.669464 
clusters[5] = 4.409540 3.571889 6.618735 6.156169 7.361760 5.670505 3.738334 4.799007 5.791832 4.751639 3.583721 2.930938 4.777409 7.229288 5.123393 3.593737 
clusters[6] = 3.897501 3.996502 3.374465 5.326640 6.231782 4.000244 5.446501 6.497511 6.724456 7.171887 3.373938 7.013843 4.903601 5.728396 3.836487 6.329990 
clusters[7] = 3.942746 3.861764 3.030800 4.636257 2.946264 6.806819 6.214820 6.559150 4.819452 3.899188 4.557306 3.211300 4.651675 5.313149 5.915724 7.013938 
clusters[8] = 5.102349 4.368701 6.676179 6.795959 2.602909 4.246809 3.245929 7.015650 4.855988 5.887623 4.831868 3.619831 4.990350 3.156223 5.403598 3.736910 
clusters[9] = 5.441271 4.053542 5.138712 2.900302 4.856149 3.930873 4.111147 2.898569 6.711828 6.410254 7.240320 3.137017 5.225217 4.696808 4.960422 6.338882 
clusters[10] = 6.039996 6.843411 5.003008 6.080175 5.930991 6.557940 4.389574 3.197490 4.183951 4.778288 3.290214 3.832342 4.629120 3.214362 3.100256 6.865305 
clusters[11] = 6.097583 4.015364 3.251782 5.320116 5.983136 3.856084 7.294144 3.747210 3.769309 5.157012 3.613651 4.279356 5.543519 3.401967 6.548472 2.932204 
clusters[12] = 0.000018 0.000009 0.000020 0.000011 0.000014 0.000012 0.000012 0.000016 0.000014 0.000009 0.000018 0.000015 0.000017 0.000012 0.000010 0.000010 
clusters[13] = 6.500661 4.399348 3.334731 3.911325 5.129879 6.873610 3.641664 5.463011 2.691975 5.368776 6.634791 6.068201 4.510676 6.396451 3.975566 3.228409 
clusters[14] = 6.813351 6.986605 5.272535 6.183846 4.845532 3.505833 7.130591 6.795791 5.094373 5.220084 6.865460 3.906994 5.383189 6.572415 3.678299 5.328472 
clusters[15] = 6.979207 5.184586 5.445312 3.345117 5.710298 3.142705 3.153349 6.491299 4.344179 3.165741 3.807110 6.487577 5.084666 4.859943 6.201571 6.655374 
